"""
Create kimodo_motion.hda via hython (no GUI needed).

Usage:
    hython scripts/create_hda.py [npz_default] [host_output_default]

Output: kimodo_motion.hda in the repo root.
"""
import os
import sys
import hou

_HERE     = os.path.dirname(os.path.abspath(__file__))
_REPO     = os.path.dirname(_HERE)
_HDA_PATH = os.path.join(_REPO, "kimodo_motion.hda")

_NPZ_DEFAULT        = sys.argv[1] if len(sys.argv) > 1 else ""
_HOST_OUTPUT_DEFAULT = sys.argv[2] if len(sys.argv) > 2 else ""

# Cook script runs inside the subnet's Python SOP.
# hou.pwd() = the Python SOP; .parent() = the subnet = the HDA node.
_COOK_SCRIPT = r"""
import numpy as np
import hou

SOMA77_JOINTS = [
    "Hips","Spine1","Spine2","Chest","Neck1","Neck2","Head","HeadEnd",
    "Jaw","LeftEye","RightEye",
    "LeftShoulder","LeftArm","LeftForeArm","LeftHand",
    "LeftHandThumb1","LeftHandThumb2","LeftHandThumb3","LeftHandThumbEnd",
    "LeftHandIndex1","LeftHandIndex2","LeftHandIndex3","LeftHandIndex4","LeftHandIndexEnd",
    "LeftHandMiddle1","LeftHandMiddle2","LeftHandMiddle3","LeftHandMiddle4","LeftHandMiddleEnd",
    "LeftHandRing1","LeftHandRing2","LeftHandRing3","LeftHandRing4","LeftHandRingEnd",
    "LeftHandPinky1","LeftHandPinky2","LeftHandPinky3","LeftHandPinky4","LeftHandPinkyEnd",
    "RightShoulder","RightArm","RightForeArm","RightHand",
    "RightHandThumb1","RightHandThumb2","RightHandThumb3","RightHandThumbEnd",
    "RightHandIndex1","RightHandIndex2","RightHandIndex3","RightHandIndex4","RightHandIndexEnd",
    "RightHandMiddle1","RightHandMiddle2","RightHandMiddle3","RightHandMiddle4","RightHandMiddleEnd",
    "RightHandRing1","RightHandRing2","RightHandRing3","RightHandRing4","RightHandRingEnd",
    "RightHandPinky1","RightHandPinky2","RightHandPinky3","RightHandPinky4","RightHandPinkyEnd",
    "LeftLeg","LeftShin","LeftFoot","LeftToeBase","LeftToeEnd",
    "RightLeg","RightShin","RightFoot","RightToeBase","RightToeEnd",
]
SOMA77_PARENTS = [
    -1,0,1,2,3,4,5,6,6,6,6,
    3,11,12,13,14,15,16,17,14,19,20,21,22,14,24,25,26,27,14,29,30,31,32,14,34,35,36,37,
    3,39,40,41,42,43,44,45,42,47,48,49,50,42,52,53,54,55,42,57,58,59,60,42,62,63,64,65,
    0,67,68,69,70,0,72,73,74,75,
]

def _make_mat4(rot, pos):
    return (
        float(rot[0,0]),float(rot[0,1]),float(rot[0,2]),0.,
        float(rot[1,0]),float(rot[1,1]),float(rot[1,2]),0.,
        float(rot[2,0]),float(rot[2,1]),float(rot[2,2]),0.,
        float(pos[0]),  float(pos[1]),  float(pos[2]),  1.,
    )

def _cook():
    node     = hou.pwd()
    hda_node = node.parent()

    npz_path = hda_node.parm("npz_path").eval()
    if not npz_path:
        return  # no NPZ yet — output empty geometry, wait for Generate

    geo = node.geometry()
    data       = np.load(npz_path)
    posed      = data["posed_joints"]    # (T, 77, 3)
    local_rots = data["local_rot_mats"]  # (T, 77, 3, 3)
    T          = posed.shape[0]

    frame = hda_node.parm("frame_ref").eval() - 1
    frame = max(0, min(frame, T - 1))

    frame_pos  = posed[frame]
    frame_rots = local_rots[frame]

    # Build per-joint paths and world-space rotations
    paths = []
    def _build_path(i):
        p = SOMA77_PARENTS[i]
        return ('/' + SOMA77_JOINTS[i]) if p < 0 else (_build_path(p) + '/' + SOMA77_JOINTS[i])
    paths = [_build_path(i) for i in range(len(SOMA77_JOINTS))]

    world_rots = [None] * len(SOMA77_JOINTS)
    for i, parent in enumerate(SOMA77_PARENTS):
        lr = frame_rots[i]
        world_rots[i] = lr if parent < 0 else lr @ world_rots[parent]

    _ID9  = (1.,0.,0.,0.,1.,0.,0.,0.,1.)
    _ID16 = (1.,0.,0.,0., 0.,1.,0.,0., 0.,0.,1.,0., 0.,0.,0.,1.)
    geo.addAttrib(hou.attribType.Point, "name",           "")
    geo.addAttrib(hou.attribType.Point, "path",           "")
    geo.addAttrib(hou.attribType.Point, "parent_id",      -1)
    geo.addAttrib(hou.attribType.Point, "transform",      _ID9)
    geo.addAttrib(hou.attribType.Point, "localtransform", _ID16)

    for i, (name, parent) in enumerate(zip(SOMA77_JOINTS, SOMA77_PARENTS)):
        wr = world_rots[i]
        pt = geo.createPoint()
        pt.setPosition(hou.Vector3(frame_pos[i].tolist()))
        pt.setAttribValue("name",           name)
        pt.setAttribValue("path",           paths[i])
        pt.setAttribValue("parent_id",      parent)
        pt.setAttribValue("transform",      tuple(float(v) for v in wr.flatten()))
        pt.setAttribValue("localtransform", _make_mat4(frame_rots[i], frame_pos[i]))

    pts = list(geo.points())
    for i, parent in enumerate(SOMA77_PARENTS):
        if parent >= 0:
            prim = geo.createPolygon()
            prim.setIsClosed(False)
            prim.addVertex(pts[parent])
            prim.addVertex(pts[i])

_cook()
"""

_GENERATE_CB = r"""
import threading, time, requests, hou

node        = kwargs["node"]
url         = node.parm("server_url").eval().rstrip("/")
host_output = node.parm("host_output_dir").eval().rstrip("/")

try:
    resp = requests.post(
        f"{url}/generate",
        json={
            "prompt":   node.parm("prompt").eval(),
            "duration": node.parm("duration").eval(),
            "model":    node.parm("model").evalAsString(),
            "force":    bool(node.parm("force").eval()),
        },
        timeout=30,
    )
    resp.raise_for_status()
except Exception as e:
    hou.ui.displayMessage(str(e), severity=hou.severityType.Error, title="Kimodo")
    node.parm("status").set(f"Error: {e}")
else:
    job_id = resp.json()["job_id"]
    node.parm("job_id").set(job_id)
    node.parm("status").set(f"Queued ({job_id[:8]}...)")

    def _poll():
        # HOM/UI calls are not thread-safe: marshal them to the main thread.
        import hdefereval
        def _set(parm, val):
            hdefereval.executeInMainThreadWithResult(lambda: node.parm(parm).set(val))
        def _msg(text, severity=None):
            if severity is None:
                hdefereval.executeDeferred(lambda: hou.ui.displayMessage(text, title="Kimodo"))
            else:
                hdefereval.executeDeferred(lambda: hou.ui.displayMessage(text, severity=severity, title="Kimodo"))
        fails = 0
        while True:
            time.sleep(5)
            # stop if a newer Generate has replaced this job
            if hdefereval.executeInMainThreadWithResult(lambda: node.parm("job_id").eval()) != job_id:
                break
            try:
                r = requests.get(f"{url}/jobs/{job_id}", timeout=10)
                if r.status_code == 404:
                    _set("status", "Job lost (server restarted?)")
                    _set("job_id", "")
                    break
                r.raise_for_status()
                data = r.json()
                fails = 0
            except Exception as e:
                fails += 1
                _set("status", f"Poll error ({fails}/3): {e}")
                if fails >= 3:
                    break
                continue
            status  = data["status"]
            elapsed = data.get("elapsed")
            elapsed_str = f" ({int(elapsed)}s)" if elapsed else ""
            if status == "done":
                npz = data["npz_path"].replace("/workspace/output", host_output)
                frames, joints = data["frames"], data["joints"]
                done_label = f"Done{elapsed_str}" + (" (cached)" if data.get("cached") else "")
                def _finish():
                    node.parm("status").set(done_label)
                    node.parm("npz_path").set(npz)
                    node.parm("job_id").set("")
                    node.cook(force=True)
                hdefereval.executeInMainThreadWithResult(_finish)
                _msg(f"Generated {frames} frames ({joints} joints){elapsed_str}.")
                break
            elif status in ("failed", "cancelled"):
                err = data.get("error")
                _set("status", f"{status.capitalize()}: {err[:60]}" if err else status.capitalize())
                if status == "failed":
                    _msg(f"Generation failed:\n{err}", severity=hou.severityType.Error)
                break
            else:
                _set("status", f"Running...{elapsed_str}")

    threading.Thread(target=_poll, daemon=True).start()
    hou.ui.displayMessage(
        "Generation started in background.\nHoudini will update automatically when done.",
        title="Kimodo",
    )
"""

_REST_SCRIPT = r"""
import hou

SOMA77_JOINTS = [
    "Hips","Spine1","Spine2","Chest","Neck1","Neck2","Head","HeadEnd",
    "Jaw","LeftEye","RightEye",
    "LeftShoulder","LeftArm","LeftForeArm","LeftHand",
    "LeftHandThumb1","LeftHandThumb2","LeftHandThumb3","LeftHandThumbEnd",
    "LeftHandIndex1","LeftHandIndex2","LeftHandIndex3","LeftHandIndex4","LeftHandIndexEnd",
    "LeftHandMiddle1","LeftHandMiddle2","LeftHandMiddle3","LeftHandMiddle4","LeftHandMiddleEnd",
    "LeftHandRing1","LeftHandRing2","LeftHandRing3","LeftHandRing4","LeftHandRingEnd",
    "LeftHandPinky1","LeftHandPinky2","LeftHandPinky3","LeftHandPinky4","LeftHandPinkyEnd",
    "RightShoulder","RightArm","RightForeArm","RightHand",
    "RightHandThumb1","RightHandThumb2","RightHandThumb3","RightHandThumbEnd",
    "RightHandIndex1","RightHandIndex2","RightHandIndex3","RightHandIndex4","RightHandIndexEnd",
    "RightHandMiddle1","RightHandMiddle2","RightHandMiddle3","RightHandMiddle4","RightHandMiddleEnd",
    "RightHandRing1","RightHandRing2","RightHandRing3","RightHandRing4","RightHandRingEnd",
    "RightHandPinky1","RightHandPinky2","RightHandPinky3","RightHandPinky4","RightHandPinkyEnd",
    "LeftLeg","LeftShin","LeftFoot","LeftToeBase","LeftToeEnd",
    "RightLeg","RightShin","RightFoot","RightToeBase","RightToeEnd",
]
SOMA77_PARENTS = [
    -1,0,1,2,3,4,5,6,6,6,6,
    3,11,12,13,14,15,16,17,14,19,20,21,22,14,24,25,26,27,14,29,30,31,32,14,34,35,36,37,
    3,39,40,41,42,43,44,45,42,47,48,49,50,42,52,53,54,55,42,57,58,59,60,42,62,63,64,65,
    0,67,68,69,70,0,72,73,74,75,
]
# World positions (meters, Y-up) — from kimodo/assets/skeletons/somaskel77/joints.p
NEUTRAL_JOINTS = [
    [0.0,0.0,0.0],[-0.00013727,0.05003763,-0.00053727],[-0.00013727,0.12129064,-0.00083552],
    [-0.00013728,0.19679127,-0.00899523],[-0.00195404,0.45990422,-0.01452871],
    [-0.00195407,0.53699819,0.00849715],[-0.00195412,0.59828735,0.02803423],
    [-0.00191814,0.75894137,0.00968044],[-0.00192775,0.60304327,0.05898364],
    [0.03010969,0.65208940,0.10390306],[-0.03417852,0.65190604,0.10361657],
    [0.01607924,0.42916291,0.04213891],[0.16527770,0.42916293,-0.01288435],
    [0.45267077,0.42916294,-0.01291023],[0.72361059,0.42916293,-0.01288414],
    [0.74637541,0.41524248,0.01902999],[0.78650377,0.39696121,0.03544653],
    [0.81448892,0.39696121,0.03544651],[0.84629685,0.39696117,0.03544655],
    [0.75608613,0.42384295,0.01007755],[0.81973192,0.42396355,0.01186355],
    [0.85635556,0.42396355,0.01186355],[0.87964798,0.42396359,0.01186359],
    [0.90724413,0.42215821,0.01073335],[0.75524554,0.43157273,-0.00288082],
    [0.81715334,0.42897995,-0.01290630],[0.86071854,0.42897991,-0.01290631],
    [0.89068731,0.42897983,-0.01290630],[0.91373018,0.42603414,-0.01322371],
    [0.75243702,0.42862641,-0.01610957],[0.81098243,0.42376438,-0.02984798],
    [0.85448821,0.42376438,-0.02984795],[0.88100142,0.42376445,-0.02984792],
    [0.90036247,0.42454132,-0.02984863],[0.75226559,0.42606288,-0.02888792],
    [0.80314407,0.41275146,-0.04660022],[0.83385381,0.41275150,-0.04660022],
    [0.84935053,0.41275150,-0.04660021],[0.86879946,0.41117348,-0.04602802],
    [-0.01393846,0.42859436,0.04314635],[-0.16431042,0.42859447,-0.01230969],
    [-0.45167682,0.42859449,-0.01233566],[-0.72301301,0.42859449,-0.01230953],
    [-0.74575333,0.41475461,0.01932174],[-0.78586762,0.39647994,0.03573088],
    [-0.81381698,0.39647990,0.03573085],[-0.84565550,0.39647995,0.03573086],
    [-0.75554567,0.42339392,0.01051913],[-0.81896484,0.42351863,0.01230178],
    [-0.85551355,0.42351855,0.01230178],[-0.87878941,0.42351855,0.01230179],
    [-0.90640731,0.42171199,0.01117101],[-0.75469407,0.43106042,-0.00229923],
    [-0.81650235,0.42847207,-0.01230818],[-0.85999136,0.42847207,-0.01230818],
    [-0.88999376,0.42847203,-0.01230821],[-0.91301896,0.42552834,-0.01262527],
    [-0.75186991,0.42791497,-0.01539812],[-0.81041190,0.42305367,-0.02913543],
    [-0.85379999,0.42305363,-0.02913543],[-0.88034903,0.42305359,-0.02913539],
    [-0.89968471,0.42382885,-0.02913591],[-0.75167726,0.42516653,-0.02815098],
    [-0.80259097,0.41184597,-0.04587483],[-0.83321762,0.41184593,-0.04587482],
    [-0.84868291,0.41184597,-0.04587484],[-0.86813410,0.41026880,-0.04530273],
    [0.10043214,-0.08434527,0.02595655],[0.10043213,-0.51656280,0.01792742],
    [0.10043214,-0.93811376,-0.01688781],[0.10043214,-0.98870848,0.11542748],
    [0.10033607,-1.00518468,0.18055765],[-0.10047278,-0.08295260,0.02620317],
    [-0.10047277,-0.51657466,0.01814761],[-0.10047275,-0.93774860,-0.01663637],
    [-0.10047275,-0.98854469,0.11620559],[-0.10037744,-1.00488848,0.18081150],
]
# World-space 3x3 rotation (row-major, float[9]) — from standard_t_pose_global_offsets_rots.p
# Relation: transform[i] = localtransform_3x3[i] @ transform[parent]
T_POSE_TRANSFORMS = [
    (0.0,0.0,1.0,0.9999946,0.0033239,0.0,-0.003324,0.9999946,0.0),
    (-0.0,-1e-07,1.0,0.9999914,0.0041855,0.0,-0.0041856,0.9999914,1e-07),
    (-1e-07,-1e-07,1.0,0.9942107,0.1074491,1e-07,-0.1074492,0.9942107,0.0),
    (-2e-07,-0.0,1.0,0.9999939,0.0035373,2e-07,-0.0035374,0.9999939,0.0),
    (-4e-07,0.0,1.0,0.9581757,-0.2861809,4e-07,0.2861808,0.9581757,1e-07),
    (-7e-07,0.0,1.0,0.9527641,-0.3037117,7e-07,0.3037117,0.9527641,2e-07),
    (-1.4e-06,-6e-07,1.0,0.9930767,0.1174687,1.4e-06,-0.1174687,0.9930767,5e-07),
    (-1e-07,-1e-07,1.0,0.9930767,0.1174687,1e-07,-0.1174687,0.9930767,1e-07),
    (-2.7e-06,-6e-07,1.0,0.9930767,0.1174687,2.8e-06,-0.1174687,0.9930767,3e-07),
    (0.0044459,0.066037,0.9978073,0.9977387,-0.0672141,2.8e-06,0.0670668,0.9955509,-0.0661865),
    (-0.0044515,-0.0660373,0.9978072,0.9977386,-0.0672145,2.8e-06,0.0670668,0.9955509,0.0661871),
    (0.93823,0.3460122,-1e-07,0.0,0.0,-1.0000001,-0.3460123,0.9382302,1e-07),
    (1.0,9e-05,-1e-07,-0.0,0.0,-1.0000001,-9e-05,1.0000001,1e-07),
    (1.0,-9.64e-05,-1e-07,-0.0,0.0,-1.0000001,9.64e-05,1.0000001,1e-07),
    (1.0,-0.0001014,5.22e-05,3.44e-05,-0.1686946,-0.9856685,0.0001087,0.9856685,-0.1686945),
    (0.8528316,-0.4901682,0.1800374,-0.3885245,-0.8259889,-0.4084009,0.3488939,0.2783482,-0.8948718),
    (1.0,-1e-07,1e-07,0.0,-1.0000001,0.0,1e-07,-0.0,-1.0000001),
    (1.0,-1e-07,1e-07,0.0,-1.0000001,0.0,1e-07,-0.0,-1.0000001),
    (1.0,-1e-07,1e-07,0.0,-1.0000001,0.0,1e-07,-0.0,-1.0000001),
    (0.9996048,-0.0274828,0.0059244,0.0018941,-0.1444177,-0.9895151,0.0280502,0.9891352,-0.1443085),
    (1.0,-1e-07,-1e-07,0.0,0.0,-1.0000001,1e-07,1.0000001,1e-07),
    (1.0,-1e-07,-1e-07,0.0,0.0,-1.0000001,1e-07,1.0000001,1e-07),
    (0.9970345,0.0434521,-0.0635141,-0.0652273,0.0392158,-0.9970998,-0.0408354,0.9982857,0.0419338),
    (0.9970345,0.0434521,-0.0635141,-0.0652273,0.0392158,-0.9970998,-0.0408354,0.9982857,0.0419338),
    (0.9862972,0.1542508,-0.0585203,-0.0413074,-0.1125238,-0.9927902,-0.1597236,0.9816034,-0.1046102),
    (1.0,-0.0,-1e-07,0.0,0.0,-1.0000001,1e-07,1.0000001,1e-07),
    (1.0,-0.0,-1e-07,0.0,0.0,-1.0000001,1e-07,1.0000001,1e-07),
    (0.9918351,0.0212376,-0.1257464,-0.1267932,0.0585789,-0.9901981,-0.0136633,0.9980569,0.0607934),
    (0.9918351,0.0212376,-0.1257464,-0.1267932,0.0585789,-0.9901981,-0.0136633,0.9980569,0.0607934),
    (0.9703878,0.2195549,-0.1007143,-0.0805872,-0.0987975,-0.9918392,-0.2277135,0.9705848,-0.0781785),
    (1.0,-0.0,-1e-07,0.0,0.0,-1.0000001,1e-07,1.0000001,1e-07),
    (1.0,-0.0,-1e-07,0.0,0.0,-1.0000001,1e-07,1.0000001,1e-07),
    (0.9991961,0.0007907,0.0400832,0.040091,-0.0187818,-0.9990197,-3.7e-05,0.9998233,-0.0187984),
    (0.9991961,0.0007907,0.0400832,0.040091,-0.0187818,-0.9990197,-3.7e-05,0.9998233,-0.0187984),
    (0.9168348,0.3131903,-0.2476405,-0.2398743,-0.0637513,-0.9687086,-0.3191775,0.9475483,0.016677),
    (1.0,-1e-07,-1e-07,0.0,-0.0,-1.0000001,1e-07,1.0000001,1e-07),
    (1.0,-1e-07,-1e-07,0.0,-0.0,-1.0000001,1e-07,1.0000001,1e-07),
    (0.9962963,-0.0268474,-0.0816875,-0.0808362,0.0313954,-0.996233,0.0293109,0.9991466,0.029109),
    (0.9962963,-0.0268474,-0.0816875,-0.0808362,0.0313954,-0.996233,0.0293109,0.9991466,0.029109),
    (0.9382302,0.3460122,-1e-07,-2e-07,0.0,1.0000002,0.3460123,-0.9382303,-1e-07),
    (1.0000001,9.02e-05,-2e-07,-1e-07,0.0,1.0000002,9.02e-05,-1.0000002,-1e-07),
    (1.0000001,-9.66e-05,-2e-07,-1e-07,0.0,1.0000002,-9.66e-05,-1.0000004,-1e-07),
    (1.0000001,-0.0001014,5.22e-05,-3.46e-05,0.1686946,0.9856687,-0.0001087,-0.9856687,0.1686945),
    (0.8528439,-0.4901527,0.180022,0.3885252,0.8260028,0.4083724,-0.3488635,-0.2783349,0.894888),
    (1.0000001,-1e-07,-0.0,-2e-07,1.0000002,-1e-07,0.0,-0.0,1.0000002),
    (1.0000001,-1e-07,-0.0,-2e-07,1.0000002,-1e-07,0.0,-0.0,1.0000002),
    (1.0000001,-1e-07,-0.0,-2e-07,1.0000002,-1e-07,0.0,-0.0,1.0000002),
    (0.9996034,-0.0275195,0.0060032,-0.0019657,0.1444625,0.9895086,-0.028098,-0.9891279,0.1443509),
    (1.0000001,-0.0,-1e-07,-1e-07,1e-07,1.0000002,-0.0,-1.0000004,-0.0),
    (1.0000001,-0.0,-1e-07,-1e-07,1e-07,1.0000002,-0.0,-1.0000004,-0.0),
    (0.9970356,0.0434374,-0.0635091,0.0652213,-0.0392136,0.9971003,0.0408211,-0.9982866,-0.0419305),
    (0.9970356,0.0434374,-0.0635091,0.0652213,-0.0392136,0.9971003,0.0408211,-0.9982866,-0.0419305),
    (0.9862986,0.1542446,-0.0585147,0.0413026,0.1125216,0.9927908,0.1597168,-0.9816049,0.1046091),
    (1.0000001,-0.0,-1e-07,-1e-07,1e-07,1.0000002,-0.0,-1.0000004,-1e-07),
    (1.0000001,-0.0,-1e-07,-1e-07,1e-07,1.0000002,-0.0,-1.0000004,-1e-07),
    (0.9918342,0.0212351,-0.1257546,0.1268011,-0.0585851,0.9901969,0.0136596,-0.9980568,-0.0607994),
    (0.9918342,0.0212351,-0.1257546,0.1268011,-0.0585851,0.9901969,0.0136596,-0.9980568,-0.0607994),
    (0.9703894,0.2195512,-0.1007068,0.0805799,0.0987964,0.9918401,0.2277091,-0.970586,0.0781794),
    (1.0000001,0.0,-1e-07,-1e-07,1e-07,1.0000002,-0.0,-1.0000004,-1e-07),
    (1.0000001,0.0,-1e-07,-1e-07,1e-07,1.0000002,-0.0,-1.0000004,-1e-07),
    (0.9991974,0.0007796,0.040053,-0.0400609,0.0187679,0.9990213,2.71e-05,-0.9998239,0.0187839),
    (0.9991974,0.0007796,0.040053,-0.0400609,0.0187679,0.9990213,2.71e-05,-0.9998239,0.0187839),
    (0.9168393,0.3131794,-0.2476381,0.2398725,0.063748,0.9687094,0.3191662,-0.9475523,-0.0166766),
    (1.0000001,-0.0,-1e-07,-2e-07,1e-07,1.0000002,-0.0,-1.0000002,-0.0),
    (1.0000001,-0.0,-1e-07,-2e-07,1e-07,1.0000002,-0.0,-1.0000002,-0.0),
    (0.9963011,-0.0268437,-0.0816325,0.0807818,-0.0313735,0.9962382,-0.0293039,-0.9991475,-0.0290891),
    (0.9963011,-0.0268437,-0.0816325,0.0807818,-0.0313735,0.9962382,-0.0293039,-0.9991475,-0.0290891),
    (0.0,0.0,1.0,-0.9998277,0.0185734,0.0,-0.0185734,-0.9998277,0.0),
    (0.0,0.0,1.0,-0.9966071,0.0823082,0.0,-0.0823082,-0.9966071,0.0),
    (0.0,0.0,1.0,-0.3571595,-0.9340436,0.0,0.9340436,-0.3571595,0.0),
    (-0.0014164,0.0004114,0.9999989,-0.2789316,-0.9603112,-0.0,0.9603102,-0.2789312,0.001475),
    (-0.0014234,0.0003866,0.9999989,-0.2621294,-0.965033,-0.0,0.965032,-0.262129,0.001475),
    (0.0,0.0,1.0,0.9998276,-0.0185742,0.0,0.0185742,0.9998276,0.0),
    (0.0,0.0,1.0,0.996607,-0.0823081,0.0,0.082308,0.996607,0.0),
    (-0.0,0.0-0.0,1.0,0.3571593,0.9340435,0.0,-0.9340435,0.3571593,-0.0),
    (-0.0014171,0.0004116,0.9999989,0.2789345,0.9603102,0.0,-0.9603091,0.2789342,-0.0014757),
    (-0.0014241,0.0003868,0.9999989,0.2621323,0.965032,0.0,-0.965031,0.262132,-0.0014757),
]
# Local 4x4 transform (row-major, float[16]) — local_rot = world_rot @ parent_world_rot.T
#                                               local_pos = (pos - parent_pos) @ parent_world_rot.T
T_POSE_LOCALTRANSFORMS = [
    (0.0,0.0,1.0,0.0,0.9999946,0.0033239,0.0,0.0,-0.003324,0.9999946,0.0,0.0,0.0,0.0,0.0,1.0),
    (1.0,-0.0,-1e-07,0.0,0.0,0.9999998,0.0008616,0.0,1e-07,-0.0008617,0.9999998,0.0,-0.0005373,2.91e-05,0.0500378,1.0),
    (1.0,-0.0,-0.0,0.0,0.0,0.9946519,0.1032868,0.0,-0.0,-0.103287,0.9946519,0.0,-0.0002983,0.0002982,0.0712524,1.0),
    (1.0,-1e-07,0.0,0.0,1e-07,0.9945847,-0.1039317,0.0,-0.0,0.1039316,0.9945847,0.0,-0.0081597,0.0081125,0.0750635,1.0),
    (1.0,-2e-07,1e-07,0.0,2e-07,0.9571575,-0.2895685,0.0,-0.0,0.2895684,0.9571575,0.0,-0.0055335,-0.000886,0.2631178,1.0),
    (1.0,-3e-07,-1e-07,0.0,3e-07,0.9998319,-0.0183464,0.0,1e-07,0.0183463,0.9998319,0.0,0.0230259,-0.0220628,0.0738696,1.0),
    (1.0,-4e-07,-8e-07,0.0,7e-07,0.9104912,0.4135289,0.0,6e-07,-0.413529,0.9104912,0.0,0.0195371,-0.0186143,0.0583941,1.0),
    (1.0,1.3e-06,4e-07,0.0,-1.3e-06,1.0000001,-1e-07,0.0,-4e-07,-1e-07,1.0000002,0.0,-0.0183539,0.0189075,0.1595375,1.0),
    (1.0,-1.4e-06,2e-07,0.0,1.4e-06,1.0000001,-1e-07,0.0,-2e-07,-1e-07,1.0000002,0.0,0.0309494,0.0005849,0.0047199,1.0),
    (0.9978073,0.0121738,0.0650581,0.0,1.5e-06,0.9829355,-0.1839518,0.0,-0.0661872,0.1835484,0.9807801,0.0,0.0758688,0.038162,0.0496631,1.0),
    (0.9978073,-0.0121766,-0.0650567,0.0,1.5e-06,0.9829354,-0.1839522,0.0,0.0661864,0.1835486,0.9807802,0.0,0.0755823,-0.0257027,0.0570329,1.0),
    (-2e-07,0.9394482,0.3426912,0.0,-1.0000001,-2e-07,-0.0,0.0,1e-07,-0.3426913,0.9394484,0.0,0.0511341,0.0170384,0.2323129,1.0),
    (0.9382612,1e-07,-0.3459278,0.0,1e-07,1.0000002,-0.0,0.0,0.3459278,-1e-07,0.9382614,0.0,0.1399825,0.0550233,-0.0516245,1.0),
    (1.0,1e-07,-0.0001865,0.0,1e-07,1.0000002,-1e-07,0.0,0.0001865,-1e-07,1.0000002,0.0,0.2873931,2.59e-05,-2.59e-05,1.0),
    (1.0,-5.22e-05,-4.9e-06,0.0,5.08e-05,0.9856687,-0.1686947,0.0,1.37e-05,0.1686945,0.9856686,0.0,0.2709398,-2.61e-05,2.61e-05,1.0),
    (0.8528907,-0.0947391,-0.5134218,0.0,-0.3884621,0.5418743,-0.7452986,0.0,0.348819,0.8351032,0.4253569,0.0,0.0227679,-0.0291077,-0.0191022,1.0),
    (0.8528317,-0.3885245,0.3488938,0.0,0.4901682,0.825989,-0.2783483,0.0,-0.1800373,0.4084009,0.8948719,0.0,0.0461392,-0.0071953,-0.0057787,1.0),
    (1.0,1e-07,-0.0,0.0,1e-07,1.0000002,-0.0,0.0,-0.0,-0.0,1.0000002,0.0,0.0279852,-0.0,0.0,1.0),
    (1.0,1e-07,-0.0,0.0,1e-07,1.0000002,-0.0,0.0,-0.0,-0.0,1.0000002,0.0,0.0318079,0.0,-0.0,1.0),
    (0.9996079,-0.0011689,-0.0279797,0.0,0.0018571,0.9996965,0.0245779,0.0,0.0279424,-0.0246204,0.9993065,0.0,0.0324773,-0.021734,-0.0091137,1.0),
    (0.9996048,0.0018942,0.0280502,0.0,-0.0059244,0.9895152,0.1443085,0.0,-0.0274828,-0.1444178,0.9891353,0.0,0.0636279,-0.0016641,0.0016468,1.0),
    (1.0,1e-07,-0.0,0.0,1e-07,1.0000002,-1e-07,0.0,-0.0,-1e-07,1.0000002,0.0,0.0366236,-0.0,0.0,1.0),
    (0.9970345,0.0635141,0.0434522,0.0,-0.0652272,0.9970999,0.0392157,0.0,-0.0408354,-0.0419338,0.9982858,0.0,0.0232924,-0.0,0.0,1.0),
    (1.0000001,1e-07,-0.0,0.0,1e-07,1.0000004,-1e-07,0.0,-0.0,-1e-07,1.0000002,0.0,0.0275077,-0.0007439,-0.0029766,1.0),
    (0.9862785,0.0316943,0.1620194,0.0,-0.0413478,0.9975428,0.0565625,0.0,-0.1598285,-0.0624857,0.9851654,0.0,0.0316352,-0.0102654,0.0006912,1.0),
    (0.9862972,-0.0413073,-0.1597236,0.0,0.0585203,0.9927903,0.1046102,0.0,0.1542509,-0.112524,0.9816036,0.0,0.0612462,0.0076877,-0.0113845,1.0),
    (1.0,1e-07,0.0,0.0,1e-07,1.0000002,-1e-07,0.0,0.0,-1e-07,1.0000002,0.0,0.0435652,0.0,-0.0,1.0),
    (0.9918351,0.1257465,0.0212376,0.0,-0.1267931,0.9901982,0.0585788,0.0,-0.0136634,-0.0607934,0.9980571,0.0,0.0299688,-0.0,-1e-07,1.0),
    (0.9999999,1e-07,0.0,0.0,1e-07,1.0000002,-1e-07,0.0,0.0,-1e-07,1.0000001,0.0,0.0228321,-0.0027799,-0.0032741,1.0),
    (0.9703603,0.0622666,0.2335038,0.0,-0.080629,0.9942886,0.0699274,0.0,-0.2278159,-0.0866821,0.9698384,0.0,0.0288263,0.0032707,1.84e-05,1.0),
    (0.9703878,-0.0805871,-0.2277135,0.0,0.1007143,0.9918393,0.0781786,0.0,0.219555,-0.0987976,0.9705849,0.0,0.0571279,0.0093886,-0.0169765,1.0),
    (1.0,1e-07,0.0,0.0,1e-07,1.0000002,-1e-07,0.0,0.0,-1e-07,1.0000002,0.0,0.0435058,-0.0,0.0,1.0),
    (0.9991961,-0.0400832,0.0007907,0.0,0.0400911,0.9990198,-0.0187819,0.0,-3.71e-05,0.0187984,0.9998235,0.0,0.0265132,-0.0,1e-07,1.0),
    (1.0000001,1e-07,0.0,0.0,1e-07,1.0000004,-1e-07,0.0,0.0,-1e-07,1.0000001,0.0,0.0193461,0.0007623,0.000776,1.0),
    (0.9167901,0.1912895,0.3505771,0.0,-0.2399184,0.9655719,0.1005521,0.0,-0.3192727,-0.1762953,0.9311205,0.0,0.0286545,0.0162984,-0.0003528,1.0),
    (0.9168348,-0.2398743,-0.3191776,0.0,0.2476406,0.9687088,-0.016677,0.0,0.3131904,-0.0637513,0.9475484,0.0,0.0468644,0.0058022,-0.0291479,1.0),
    (1.0,1e-07,0.0,0.0,1e-07,1.0000002,-1e-07,0.0,0.0,-1e-07,1.0000002,0.0,0.0307097,-0.0,0.0,1.0),
    (0.9962963,0.0816875,-0.0268473,0.0,-0.0808361,0.9962331,0.0313953,0.0,0.0293109,-0.029109,0.9991467,0.0,0.0154967,-0.0,0.0,1.0),
    (1.0,1e-07,0.0,0.0,1e-07,1.0000004,-1e-07,0.0,0.0,-1e-07,1.0000004,0.0,0.0193725,-0.0021917,-0.00099,1.0),
    (-3e-07,0.9394484,0.3426912,0.0,1.0000002,0.0,1e-07,0.0,-1e-07,0.3426914,-0.9394485,0.0,0.0521416,-0.0129811,0.2318505,1.0),
    (0.9382614,-3e-07,0.3459277,0.0,-2e-07,1.0000005,-1e-07,0.0,-0.3459277,-1e-07,0.9382617,0.0,-0.1410835,-0.055456,-0.0520307,1.0),
    (1.0000002,-3e-07,0.0001868,0.0,-3e-07,1.0000005,-1e-07,0.0,-0.0001867,-1e-07,1.0000006,0.0,-0.2873664,-2.59e-05,-2.59e-05,1.0),
    (1.0000002,5.2e-05,4.8e-06,0.0,-5.1e-05,0.9856689,-0.1686948,0.0,-1.36e-05,0.1686945,0.985669,0.0,-0.2713362,2.62e-05,2.62e-05,1.0),
    (0.8529031,0.0947264,0.5134042,0.0,0.3884628,0.5418487,-0.7453172,0.0,-0.3487886,0.8351215,0.4253466,0.0,-0.0227373,0.028844,0.01898,1.0),
    (0.8528441,0.3885252,-0.3488635,0.0,-0.490153,0.826003,-0.2783349,0.0,0.180022,0.4083724,0.8948882,0.0,-0.0222998,-0.0239793,0.0337652,1.0),
    (1.0000002,-2e-07,-0.0,0.0,-2e-07,1.0000005,-1e-07,0.0,-0.0,-1e-07,1.0000005,0.0,-0.0279494,-0.0,-0.0,1.0),
    (1.0000002,-2e-07,-0.0,0.0,-2e-07,1.0000005,-1e-07,0.0,-0.0,-1e-07,1.0000005,0.0,-0.0318385,0.0,0.0,1.0),
    (0.9996066,0.0012402,0.0280291,0.0,-0.0019288,0.9996977,0.0245328,0.0,-0.0279902,-0.0245774,0.9993066,0.0,-0.0325309,0.0216253,0.0089806,1.0),
    (0.9996035,-0.0019659,-0.028098,0.0,0.0060031,0.9895089,0.1443509,0.0,0.0275195,-0.1444625,0.9891282,0.0,-0.0633867,0.0019066,0.0019159,1.0),
    (1.0000002,-3e-07,0.0,0.0,-3e-07,1.0000005,-1e-07,0.0,0.0,-1e-07,1.0000007,0.0,-0.0365487,0.0,1e-07,1.0),
    (0.9970357,-0.0635093,-0.0434375,0.0,0.0652212,0.9971005,0.0392135,0.0,0.0408211,-0.0419306,0.998287,0.0,-0.0232759,0.0,-0.0,1.0),
    (1.0000002,-3e-07,0.0,0.0,-3e-07,1.0000005,-1e-07,0.0,0.0,-1e-07,1.0000007,0.0,-0.0275427,-0.0028579,0.0007235,1.0),
    (0.9862801,-0.0316899,-0.1620124,0.0,0.041343,0.9975431,0.0565648,0.0,0.1598218,-0.0624871,0.9851668,0.0,-0.0316808,0.0102839,-0.0007385,1.0),
    (0.9862987,0.0413025,0.1597168,0.0,-0.0585148,0.992791,0.104609,0.0,-0.1542447,-0.1125217,0.9816052,0.0,-0.060775,-0.0127809,-0.0083781,1.0),
    (1.0000002,-3e-07,0.0,0.0,-3e-07,1.0000005,-1e-07,0.0,0.0,-1e-07,1.0000007,0.0,-0.043489,0.0,-0.0,1.0),
    (0.9918343,-0.1257548,-0.0212351,0.0,0.126801,0.9901971,0.0585851,0.0,0.0136596,-0.0607995,0.9980572,0.0,-0.0300024,-0.0,0.0,1.0),
    (1.0000002,-3e-07,0.0,0.0,-3e-07,1.0000006,-1e-07,0.0,0.0,-1e-07,1.0000006,0.0,-0.0228598,-0.0030611,0.0026427,1.0),
    (0.970362,-0.06226,-0.2334989,0.0,0.0806217,0.9942893,0.0699287,0.0,0.2278117,-0.0866815,0.9698399,0.0,-0.028857,-0.003158,0.0001519,1.0),
    (0.9703895,0.0805798,0.2277091,0.0,-0.100707,0.9918403,0.0781793,0.0,-0.2195513,-0.0987965,0.9705864,0.0,-0.0564924,-0.0188228,-0.0096862,1.0),
    (1.0000002,-3e-07,-0.0,0.0,-3e-07,1.0000005,-1e-07,0.0,-0.0,-1e-07,1.0000007,0.0,-0.0433881,0.0,0.0,1.0),
    (0.9991975,0.0400529,-0.0007796,0.0,-0.0400611,0.9990215,-0.018768,0.0,2.71e-05,0.0187839,0.9998243,0.0,-0.026549,0.0,0.0,1.0),
    (1.0000002,-3e-07,-0.0,0.0,-3e-07,1.0000006,-1e-07,0.0,-0.0,-1e-07,1.0000007,0.0,-0.0193196,0.0007886,-0.0007757,1.0),
    (0.9167947,-0.1912891,-0.350566,0.0,0.2399166,0.9655722,0.1005555,0.0,0.3192614,-0.1762957,0.9311246,0.0,-0.0286647,-0.0161917,0.0007096,1.0),
    (0.9168394,0.2398725,0.3191662,0.0,-0.2476383,0.9687096,-0.0166768,0.0,-0.3131795,-0.063748,0.9475526,0.0,-0.0464623,-0.0302312,-0.0033324,1.0),
    (1.0000002,-3e-07,0.0,0.0,-3e-07,1.0000005,-1e-07,0.0,0.0,-1e-07,1.0000005,0.0,-0.0306266,0.0,0.0,1.0),
    (0.9963012,-0.0816327,0.0268437,0.0,0.0807817,0.9962385,0.0313735,0.0,-0.0293038,-0.0290892,0.9991477,0.0,-0.0154653,-0.0,-0.0,1.0),
    (1.0000002,-3e-07,0.0,0.0,-3e-07,1.0000006,-1e-07,0.0,0.0,-1e-07,1.0000006,0.0,-0.0193836,-0.0009519,0.0021292,1.0),
    (1.0,0.0,0.0,0.0,0.0,-0.9997606,0.0218967,0.0,0.0,-0.0218966,-0.9997606,0.0,0.0259565,0.1001512,-0.0846786,1.0),
    (1.0,0.0,0.0,0.0,0.0,0.9979642,-0.0637837,0.0,0.0,0.0637836,0.9979642,0.0,-0.0080291,-0.0080278,0.4321431,1.0),
    (1.0,0.0,0.0,0.0,0.0,0.2790682,0.9602717,0.0,0.0,-0.9602717,0.2790682,0.0,-0.0348152,-0.0346971,0.4201207,1.0),
    (0.9999989,0.0001216,-0.00147,0.0,-0.0,0.9965956,0.0824499,0.0,0.001475,-0.08245,0.9965945,0.0,0.1323153,0.0472577,0.0180704,1.0),
    (1.0,2.57e-05,2e-07,0.0,-2.57e-05,0.9998481,0.0174523,0.0,2e-07,-0.0174525,0.9998483,0.0,0.0651235,0.0158491,0.0045995,1.0),
    (1.0,0.0,0.0,0.0,0.0,0.9997604,-0.0218975,0.0,0.0,0.0218974,0.9997604,0.0,0.0262032,-0.100748,-0.0826182,1.0),
    (1.0,0.0,0.0,0.0,0.0,0.997964,-0.0637827,0.0,0.0,0.0637826,0.997964,0.0,-0.0080556,0.0080542,-0.4335473,1.0),
    (1.0,-0.0,-0.0,0.0,0.0,0.2790681,0.9602714,0.0,-0.0,-0.9602714,0.2790681,0.0,-0.034784,0.034666,-0.4197449,1.0),
    (0.9999989,-0.0001217,0.0014706,0.0,0.0,0.9965956,0.0824467,0.0,-0.0014756,-0.0824467,0.9965945,0.0,0.132842,-0.0474458,-0.0181423,1.0),
    (1.0,-2.58e-05,-2e-07,0.0,2.58e-05,0.9998479,0.0174524,0.0,-2e-07,-0.0174524,0.9998478,0.0,0.064599,-0.0156685,-0.0047457,1.0),
]
_ID9 = (1.,0.,0.,0.,1.,0.,0.,0.,1.)
geo = hou.pwd().geometry()
geo.addAttrib(hou.attribType.Point, "name",      "")
geo.addAttrib(hou.attribType.Point, "transform", _ID9)
for i, name in enumerate(SOMA77_JOINTS):
    pt = geo.createPoint()
    pt.setPosition(hou.Vector3(NEUTRAL_JOINTS[i]))
    pt.setAttribValue("name",      name)
    pt.setAttribValue("transform", T_POSE_TRANSFORMS[i])
pts = list(geo.points())
for i, parent in enumerate(SOMA77_PARENTS):
    if parent >= 0:
        prim = geo.createPolygon()
        prim.setIsClosed(False)
        prim.addVertex(pts[parent])
        prim.addVertex(pts[i])
"""

# ── build Houdini scene ──────────────────────────────────────────────────────
obj = hou.node("/obj")
geo = obj.createNode("geo", "kimodo_setup")
geo.deleteItems(geo.children())

# Subnet SOP acts as the HDA container
subnet = geo.createNode("subnet", "kimodo_subnet")

# Python SOPs inside the subnet
inner = subnet.createNode("python", "gen_sop")
inner.parm("python").set(_COOK_SCRIPT)

rest_sop = subnet.createNode("python", "rest_sop")
rest_sop.parm("python").set(_REST_SCRIPT)

# Output nodes for dual-output HDA
out0 = subnet.createNode("output", "output0")
out0.setInput(0, inner)
out0.parm("outputidx").set(0)

out1 = subnet.createNode("output", "output1")
out1.setInput(0, rest_sop)
out1.parm("outputidx").set(1)

out0.setDisplayFlag(True)
out0.setRenderFlag(True)
subnet.layoutChildren()

# ── create HDA from subnet ───────────────────────────────────────────────────
hda_node = subnet.createDigitalAsset(
    name="kimodo_motion",
    hda_file_name=_HDA_PATH,
    description="Kimodo Motion Generator",
    min_num_inputs=0,
    max_num_inputs=0,
    version="1.0",
)

hda_def = hda_node.type().definition()
hda_def.setMaxNumOutputs(2)
ptg     = hou.ParmTemplateGroup()   # start fresh — no inherited subnet parms

ptg.append(hou.SeparatorParmTemplate("sep_api"))
ptg.append(hou.StringParmTemplate(
    "server_url", "API Server URL", 1,
    default_value=("http://localhost:8001",),
))
ptg.append(hou.StringParmTemplate(
    "host_output_dir", "Host Output Dir", 1,
    default_value=(_HOST_OUTPUT_DEFAULT or "",),
    help="Host-side path mapped to /workspace/output inside Docker.",
))
ptg.append(hou.SeparatorParmTemplate("sep_gen"))
ptg.append(hou.StringParmTemplate(
    "prompt", "Prompt", 1,
    default_value=("a person walks forward",),
))
ptg.append(hou.FloatParmTemplate(
    "duration", "Duration (s)", 1,
    default_value=(3.0,), min=0.5, max=30.0,
))
ptg.append(hou.MenuParmTemplate(
    "model", "Model",
    ("Kimodo-SOMA-RP-v1.1", "Kimodo-SOMA-SEED-v1.1", "Kimodo-SOMA-RP-v1"),
    default_value=0,
))
ptg.append(hou.ToggleParmTemplate(
    "force", "Force Regenerate",
    default_value=False,
    help="Bypass the server cache and re-run inference even if a matching clip exists.",
))
_CANCEL_CB = r"""
import requests, hou

node   = kwargs["node"]
url    = node.parm("server_url").eval().rstrip("/")
job_id = node.parm("job_id").eval()
if not job_id:
    hou.ui.displayMessage("No active job to cancel.", title="Kimodo")
else:
    try:
        r = requests.post(f"{url}/jobs/{job_id}/cancel", timeout=10)
        r.raise_for_status()
    except Exception as e:
        hou.ui.displayMessage(str(e), severity=hou.severityType.Error, title="Kimodo")
    else:
        node.parm("status").set("Cancelled")
        node.parm("job_id").set("")
"""

ptg.append(hou.ButtonParmTemplate(
    "generate", "Generate",
    script_callback=_GENERATE_CB,
    script_callback_language=hou.scriptLanguage.Python,
    join_with_next=True,
))
ptg.append(hou.ButtonParmTemplate(
    "cancel", "Cancel",
    script_callback=_CANCEL_CB,
    script_callback_language=hou.scriptLanguage.Python,
))
ptg.append(hou.StringParmTemplate(
    "status", "Status", 1,
    default_value=("",),
    help="Current job status. Updated automatically by Generate.",
))
ptg.append(hou.StringParmTemplate(
    "job_id", "Job ID", 1,
    default_value=("",),
    is_hidden=True,
))
ptg.append(hou.IntParmTemplate(
    "frame_ref", "Frame", 1,
    default_expression=("$F",),
    default_expression_language=(hou.scriptLanguage.Hscript,),
    is_hidden=True,
))
ptg.append(hou.SeparatorParmTemplate("sep_npz"))
ptg.append(hou.StringParmTemplate(
    "npz_path", "NPZ Path", 1,
    default_value=(_NPZ_DEFAULT or "",),
))

hda_def.setParmTemplateGroup(ptg)
hda_def.save(_HDA_PATH)

print(f"HDA saved: {_HDA_PATH}")
print(f"Parms: {[p.name() for p in hda_def.parmTemplateGroup().parmTemplates()]}")
